Comparing various search implementations (msec)

N        T(selInsSort)        T(quickSort)         T(totalHeapSort)     T(topsHeapSort)
100      5,33894              1,59087              2,59477              1,15305
200      20,652449999999998   3,2985599999999997   5,956379999999999    1,57388
400      79,16605             7,58017              13,154539999999999   2,19839
800      321,91854            17,35586             30,223229999999997   3,33372
1600     1250,41166           38,46683             66,35858             5,18053
3200     5097,46091           85,05417             149,47233            8,72376
6400     21113,53311          189,55523            334,56913            15,317559999999999
12800                         415,89527            728,25504            29,39632
25600                         928,33697            1610,13949           57,57411
51200                         2079,09507           3516,05286           115,63131999999999
102400                        4277,9322            7585,797659999999    234,10709
204800                        9416,139879999999    16424,65972          469,96558999999996
409600                        20675,75597          35105,14871          930,78176
819200                                                                  1877,0536499999998
1638400                                                                 3703,368
3276800                                                                 7916,30739